RandomData:
+----------+----------+------------+---------------+---------------+-----------+-----------+-----------+
| dataSize |  stdSort | bubbleSort | selectionSort | insertionSort | mergeSort | quickSort | radixSort |
|      100 | 0.000007 |   0.000023 |      0.000014 |      0.000011 |  0.000007 |  0.000006 |  0.000649 |
|     1000 | 0.000078 |   0.002291 |      0.001053 |      0.000901 |  0.000084 |  0.000077 |  0.000268 |
|    10000 | 0.001036 |   0.261391 |      0.097886 |      0.082673 |  0.001032 |  0.001014 |  0.000361 |
|   100000 | 0.011476 |  28.309756 |      9.848175 |      8.658394 |  0.013141 |  0.013393 |  0.002007 |
+----------+----------+------------+---------------+---------------+-----------+-----------+-----------+

AlmostSortedData:
+----------+----------+------------+---------------+---------------+-----------+-----------+-----------+
| dataSize |  stdSort | bubbleSort | selectionSort | insertionSort | mergeSort | quickSort | radixSort |
|      100 | 0.000005 |   0.000013 |      0.000012 |      0.000012 |  0.000006 |  0.000009 |  0.000256 |
|     1000 | 0.000024 |   0.000955 |      0.000977 |      0.000969 |  0.000046 |  0.002292 |  0.000278 |
|    10000 | 0.000242 |   0.095553 |      0.097470 |      0.100324 |  0.000578 |  0.042394 |  0.000366 |
|   100000 | 0.002770 |   9.534965 |      9.792191 |      9.864733 |  0.007054 |  5.700851 |  0.001181 |
+----------+----------+------------+---------------+---------------+-----------+-----------+-----------+

SortedData:
+----------+----------+------------+---------------+---------------+-----------+-----------+-----------+
| dataSize |  stdSort | bubbleSort | selectionSort | insertionSort | mergeSort | quickSort | radixSort |
|      100 | 0.000003 |   0.000000 |      0.000012 |      0.000010 |  0.000005 |  0.000023 |  0.000261 |
|     1000 | 0.000022 |   0.000002 |      0.000956 |      0.000941 |  0.000044 |  0.002168 |  0.000262 |
|    10000 | 0.000213 |   0.000020 |      0.100264 |      0.104616 |  0.000538 |  0.221226 |  0.000366 |
|   100000 | 0.002345 |   0.000203 |      9.980541 |      9.931196 |  0.006535 | 22.324571 |  0.001184 |
+----------+----------+------------+---------------+---------------+-----------+-----------+-----------+

LargeData:
+----------+----------+-----------+-----------+-----------+
| dataSize |  stdSort | mergeSort | quickSort | radixSort |
| 30000000 | 5.311336 |  6.095621 |  5.978388 |  0.796743 |
+----------+----------+-----------+-----------+-----------+
